debug = false
validation = false
gpu_id = 0
ssaa = 1
msaa = 2

[camera]
driver = "openvr"
id = 0
frame_buffer_size = [1920, 960]

[camera.left]
offset = [0, 0]
size = [960, 960]
focal_length = [418.41580570802768, 418.62662621906162]
center = [479.64424024852633, 485.78645942229201]
coeffs = [0.19410619957878758, 0.022454935689828745, -0.19428306402083509, 0.076463113997518595]

[camera.right]
offset = [960, 0]
size = [960, 960]
focal_length = [418.4271315486078, 418.59062814251695]
center = [489.94681040506862, 479.29834037532316]
coeffs = [0.19870530171990913, 0.015463806382793434, -0.19784593850084428, 0.082317193949059717]

[novr]
enabled = false
frame_buffer_width = 960
frame_buffer_height = 1080
fov = 90

